[-48.915,-61.0437,8.1039]
[57.2013,-85.5653,-58.383]
[-81.1397,27.4914,38.7678]
[-5.90937,16.1991,-48.4572]
[84.9009,-78.4563,63.3922]
[62.3647,-1.14774,70.0865]
[-51.4098,-83.4024,-13.3627]
[80.6782,6.0304,78.6672]
[58.7001,6.13361,75.3485]
[-43.7296,76.2558,94.2744]
[-70.802,-63.2059,24.695]
[77.3725,-98.2006,-38.4519]
[-60.3198,94.8678,0.792679]
[-66.7599,-78.8288,-5.58746]
[-16.6575,-73.7445,9.4509]
[-30.8345,-48.7939,34.098]
[-62.0801,25.0437,-4.6639]
[50.1435,-81.2569,93.2498]
[-84.9356,-90.9286,74.8655]
[-8.96629,-9.94989,-77.4265]
[-87.2438,77.8977,-51.3218]
[83.0513,-7.70145,-27.5894]
[-93.7985,-37.4952,-53.0978]
[98.4826,-23.3796,90.8224]
[26.4767,17.3838,-78.9684]
[-11.8512,-19.4014,-98.7391]
[14.4805,48.5327,-59.0914]
[5.17192,-98.9175,12.2578]
[76.4878,16.3002,46.6611]
[34.3234,-57.3907,-37.9264]
[99.6787,5.59057,99.9961]
[67.7322,-91.6162,-52.3534]
[-61.5005,59.327,11.2712]
[61.61,83.0689,-0.0903931]
[74.5461,-19.4398,64.7175]
[-68.1079,98.2612,38.8216]
[-48.861,55.4041,99.9004]
[-98.152,2.56642,40.638]
[8.78606,70.6033,-41.2094]
[45.0675,-27.3914,-87.3474]
[48.9908,99.5051,28.9688]
[60.9552,13.7777,50.3297]
[-42.6423,-36.0234,79.8133]
[48.765,-42.8848,-24.9321]
[63.5237,29.0873,60.115]
[-13.2411,95.3056,-38.6075]
[32.1303,-20.6445,-82.876]
[78.6785,31.6417,4.20536]
[-24.7691,69.9882,-3.68588]
[61.0818,36.1793,20.1961]
[-82.1853,70.3325,72.9316]
[37.4839,1.17242,18.5021]
[-30.5783,-92.878,52.4487]
[75.7416,-15.8811,-94.8825]
[-40.3054,59.7161,77.2546]
[25.5183,28.9641,-83.8876]
[-91.9763,-35.0315,-54.0988]
[-11.6383,-26.7156,-44.1946]
[-66.7688,56.2575,26.8264]
[-83.197,64.9789,87.0797]
[-50.7225,-8.0172,31.2319]
[57.1689,55.3957,-18.8153]
[0.464783,52.3093,59.3469]
[-19.9445,-4.92399,3.70222]
[-28.3033,47.9713,4.1445]
[80.8433,-3.87103,-98.6123]
[-39.6582,-35.6523,-76.175]
[52.8658,55.2587,-74.784]
[49.3474,-42.9664,-40.9216]
[-42.1716,-28.7774,-20.4812]
[-60.0079,-44.3031,-80.0821]
[47.7953,-13.2495,4.21329]
[6.83432,73.144,-14.5451]
[-11.0902,72.481,83.2059]
[14.3911,16.1292,-8.76644]
[-67.8045,-87.0112,95.6974]
[7.5798,75.671,62.6525]
[-95.8296,18.7569,-39.2432]
[-23.365,10.5951,-44.0593]
[-79.2933,-73.3542,-10.5199]
[-93.1605,-58.3377,-36.4675]
[51.2752,60.9907,-44.7663]
[-69.0359,-67.2194,48.7741]
[-61.1395,-83.1758,93.1501]
[-59.6827,22.5365,44.5811]
[-92.9688,-38.9646,78.8068]
[13.4823,96.8187,-12.1717]
[10.1647,29.6008,-59.8554]
[-7.50434,-54.9711,99.2283]
[81.3908,89.1999,-51.2101]
[-47.0441,-31.6064,-5.88411]
[-52.9247,-66.0412,-4.97298]
[58.4706,52.899,22.5831]
[-82.334,36.7476,92.8701]
[-50.7512,81.0809,-56.605]
[86.6514,-15.6499,-71.3834]
[38.6398,-57.6747,-48.7136]
[-33.9361,94.0899,10.7289]
[88.9236,-86.4462,-35.3365]
[75.4865,97.5285,-62.3715]
