 1 100 773 886
 2 100 828 1683
 3 100 798 2463
 4 100 848 3365
 5 100 856 4249
 6 100 864 5305
 7 100 889 6226
 8 100 870 7149
 9 100 885 7997
 10 100 855 8811
 11 100 867 9802
 12 100 856 10599
 13 100 870 11568
 14 100 854 12440
 15 100 875 13274
 16 100 874 14076
 17 100 870 15212
 18 100 889 16027
 19 100 907 16991
 20 100 900 17913
 21 100 875 18681
 22 100 881 19769
 23 100 898 20623
 24 100 868 21340
 25 100 893 22332
 26 100 910 23412
 27 100 889 24026
 28 100 868 24984
 29 100 906 26050
 30 100 890 26846
 31 100 886 27637
