2 41 4860 4224
3 54 4915 4272
4 47 4910 4255
5 56 5006 4283
6 56 4938 4221
7 58 4964 4227
8 53 5015 4228
9 62 4988 4240
10 50 4935 4215
11 56 4996 4237
12 56 4992 4265
13 58 5015 4251
14 54 5009 4255
15 57 4975 4225
16 59 5007 4206
17 56 4998 4232
18 54 4988 4201
19 65 5010 4213
20 59 4995 4228
21 65 5012 4206
22 55 5012 4243
23 53 4980 4249
24 61 4976 4213
25 58 5006 4261
26 50 5030 4247
27 61 4992 4244
28 60 5027 4237
29 62 4987 4248
30 64 4992 4244
31 63 4988 4235
32 61 5024 4226
33 59 4999 4254
34 63 4964 4191
35 63 5004 4220
36 56 4933 4206
37 51 4938 4182
38 53 4981 4201
39 55 4998 4273
40 64 5013 4290
41 59 5024 4223
42 58 5009 4210
43 57 5007 4209
44 56 4964 4217
45 65 4997 4254
46 63 4929 4221
47 58 4954 4191
48 60 4988 4242
49 42 4981 4233
50 66 5004 4212
51 63 4927 4236
52 64 4987 4277
53 60 4922 4214
54 60 4960 4232
55 51 4973 4242
56 63 4974 4242
57 57 5003 4227
58 62 4989 4239
59 62 4994 4250
60 62 4965 4211
61 64 4983 4246
62 54 4995 4232
63 57 5011 4270
64 57 5002 4206
65 62 4946 4239
66 55 4969 4228
67 55 4915 4228
68 63 4954 4202
69 63 5548 4556
70 57 5087 4305
71 57 5029 4227
72 61 5007 4254
73 51 5000 4221
74 60 4977 4240
75 70 4916 4199
76 71 4988 4236
77 66 4976 4221
78 60 4914 4210
79 65 4978 4243
80 55 4924 4193
81 53 4994 4251
82 54 4956 4234
83 63 5034 4236
84 63 4971 4206
85 60 4975 4191
86 53 4928 4193
87 61 4915 4231
88 56 4957 4248
89 62 4980 4202
90 55 4937 4187
91 59 4915 4181
92 72 4988 4253
93 55 5011 4229
94 52 4971 4204
95 52 4999 4231
96 58 4977 4217
97 66 4968 4227
98 57 4974 4213
99 61 4940 4218
100 62 4971 4217
101 61 4948 4225
102 61 4977 4247
103 66 4992 4262
104 55 5012 4218
105 61 4953 4206
106 55 5001 4190
107 54 4966 4228
108 67 4915 4197
109 67 4969 4209
110 55 4961 4208
111 62 4958 4224
112 59 4962 4234
113 61 5002 4267
114 58 4975 4245
115 54 4993 4231
116 66 4954 4204
117 56 4952 4225
118 59 4913 4181
119 63 4970 4248
120 63 4928 4234
121 58 4969 4240
122 58 4966 4208
123 63 4919 4205
124 56 4916 4195
125 58 4987 4263
126 58 4923 4219
127 62 5001 4252
