1000 14 7066 721
1100 14 14950 1600
1200 9 22829 2549
1300 15 30670 3577
1400 13 38421 4675
1500 20 46278 5839
1600 15 54069 7079
1700 11 61874 8394
1800 18 69628 9771
1900 23 77384 11243
2000 20 85208 12800
2100 27 92963 14407
2200 21 100759 16086
2300 17 108444 17805
2400 22 116426 19666
2500 26 124271 21589
2600 22 132249 23592
2700 26 140210 25668
2800 27 148200 27830
2900 25 156002 30011
3000 24 163906 32325
3100 31 171728 34654
3200 31 179497 37058
3300 23 187311 39545
3400 31 195214 42126
3500 36 202972 44735
3600 35 210917 47469
3700 31 218822 50286
3800 30 226754 53141
3900 34 234522 56036
4000 35 242355 59041
4100 35 250215 62137
4200 39 257969 65242
4300 33 265747 68446
4400 32 273454 71698
4500 28 281285 75071
4600 34 289682 78759
4700 31 298288 82636
4800 39 306993 86637
4900 35 315082 90385
5000 36 322982 94100
5100 46 330839 97882
5200 41 338773 101769
5300 39 346730 105761
5400 39 354530 109767
5500 47 362325 113827
5600 41 370107 117949
5700 35 378165 122336
5800 42 386655 126999
5900 38 395085 131751
6000 37 406133 137887
6100 56 414784 142833
6200 42 423290 147797
6300 49 431217 152533
6400 48 439243 157393
6500 45 448001 162778
6600 46 457242 168541
6700 49 467724 175164
6800 60 477244 181189
6900 49 486607 187342
7000 51 495898 193551
7100 52 504929 199572
7200 52 513918 205665
7300 48 522910 211846
7400 43 531762 217973
7500 45 540565 224162
7600 50 549301 230436
7700 48 558235 236880
7800 50 567037 243295
7900 46 576467 250246
8000 57 592127 261587
8100 50 602897 269822
8200 58 612466 276993
8300 58 621909 284378
8400 60 631243 291732
8500 57 639718 298421
8600 53 650983 307412
8700 53 659767 314520
8800 53 669072 322088
8900 69 677277 329003
9000 50 685664 336135
9100 55 693954 343201
9200 54 702626 350704
9300 58 710360 357462
9400 60 718068 364258
9500 59 726145 371490
9600 54 734622 379052
9700 56 743071 386602
9800 57 751584 394430
9900 54 760240 402411
10000 66 768541 410260
10100 62 777175 418335
10200 55 785660 426364
10300 59 792800 433286
10400 63 800197 440506
10500 64 807400 447569
10600 65 815454 455571
10700 66 824955 464804
10800 73 834399 474051
10900 68 844049 483686
11000 59 853664 493452
11100 78 866617 506237
11200 62 876791 516732
11300 65 886759 527121
11400 65 895528 536184
11500 59 905507 546677
11600 69 916373 557989
11700 74 926503 568900
11800 66 936968 580331
11900 65 946562 590823
12000 65 957210 602707
12100 69 967061 613641
12200 75 976618 624320
12300 67 985750 634543
12400 68 994994 645046
12500 72 1.00367e+06 655124
12600 80 1.0131e+06 666100
12700 79 1.02266e+06 677301
12800 77 1.03184e+06 687969
12900 62 1.04116e+06 698989
13000 74 1.0527e+06 712383
13100 71 1.06116e+06 722713
13200 60 1.07049e+06 733932
13300 70 1.08001e+06 745575
13400 65 1.08919e+06 756805
13500 75 1.09813e+06 767934
13600 68 1.10726e+06 779475
13700 80 1.11673e+06 791387
13800 69 1.12616e+06 803219
13900 65 1.13513e+06 814826
14000 70 1.14453e+06 826902
14100 73 1.15438e+06 839476
14200 66 1.16355e+06 851560
14300 75 1.1729e+06 863881
14400 70 1.18263e+06 876717
14500 71 1.19249e+06 890082
14600 77 1.2022e+06 903039
14700 75 1.2119e+06 916132
14800 71 1.22186e+06 929785
14900 72 1.23354e+06 945481
15000 68 1.24529e+06 961506
15100 66 1.25564e+06 975806
15200 83 1.26547e+06 989604
15300 79 1.2776e+06 1.00661e+06
15400 70 1.28808e+06 1.02125e+06
15500 78 1.29793e+06 1.03507e+06
15600 79 1.30801e+06 1.0495e+06
15700 73 1.3175e+06 1.06302e+06
15800 74 1.32792e+06 1.07814e+06
15900 77 1.3373e+06 1.09177e+06
16000 70 1.34773e+06 1.10661e+06
16100 78 1.35739e+06 1.12105e+06
16200 76 1.36696e+06 1.13523e+06
16300 72 1.37722e+06 1.15041e+06
16400 78 1.38709e+06 1.16497e+06
16500 76 1.39783e+06 1.18081e+06
16600 72 1.4078e+06 1.19598e+06
16700 78 1.41822e+06 1.21192e+06
16800 80 1.42762e+06 1.2264e+06
16900 82 1.43875e+06 1.24366e+06
17000 81 1.44903e+06 1.25959e+06
17100 83 1.45901e+06 1.2752e+06
17200 74 1.46845e+06 1.2902e+06
17300 77 1.47861e+06 1.30608e+06
17400 78 1.48911e+06 1.32263e+06
17500 73 1.49966e+06 1.3393e+06
17600 78 1.50912e+06 1.35464e+06
17700 78 1.51875e+06 1.37026e+06
17800 78 1.5284e+06 1.38608e+06
17900 79 1.53792e+06 1.40175e+06
18000 86 1.54743e+06 1.41732e+06
18100 87 1.5571e+06 1.43341e+06
18200 78 1.5693e+06 1.45302e+06
18300 76 1.57929e+06 1.46957e+06
18400 88 1.58791e+06 1.48375e+06
18500 82 1.59757e+06 1.49919e+06
18600 78 1.60722e+06 1.51494e+06
18700 79 1.61624e+06 1.53049e+06
18800 76 1.62525e+06 1.54556e+06
18900 85 1.63371e+06 1.56025e+06
19000 81 1.64193e+06 1.57437e+06
19100 81 1.65073e+06 1.58979e+06
19200 84 1.65969e+06 1.60556e+06
19300 82 1.66855e+06 1.62121e+06
19400 84 1.67739e+06 1.63677e+06
19500 82 1.68546e+06 1.6513e+06
19600 83 1.69435e+06 1.66713e+06
19700 86 1.70343e+06 1.6834e+06
19800 82 1.71211e+06 1.69908e+06
19900 89 1.72076e+06 1.7149e+06
20000 89 1.72916e+06 1.73027e+06
