1000 9 6240 638
1100 11 5539 648
1200 12 5542 697
1300 19 5017 671
1400 17 4974 736
1500 15 5314 756
1600 15 5337 822
1700 12 5279 877
1800 21 5271 940
1900 23 5126 983
2000 22 4997 1040
2100 19 4951 1060
2200 31 4946 1101
2300 20 4966 1155
2400 24 4974 1183
2500 23 4971 1261
2600 21 4956 1289
2700 24 4942 1323
2800 27 4945 1398
2900 22 4928 1416
3000 28 4987 1511
3100 28 5018 1594
3200 29 4968 1610
3300 33 4964 1638
3400 31 4948 1697
3500 34 4940 1737
3600 32 4979 1782
3700 30 4976 1829
3800 34 4953 1885
3900 37 4951 1925
4000 32 4942 1964
4100 31 4955 2043
4200 32 4912 2064
4300 28 4915 2095
4400 48 4925 2143
4500 38 4944 2236
4600 34 4945 2274
4700 34 4941 2329
4800 38 4926 2341
4900 35 4928 2398
5000 34 4908 2426
5100 34 4944 2507
5200 42 4928 2541
5300 35 4954 2622
5400 46 4945 2634
5500 48 4962 2693
5600 47 4935 2739
5700 42 4944 2799
5800 41 4907 2812
5900 37 4933 2886
6000 51 4912 2916
6100 52 4912 2949
6200 48 4939 3024
6300 52 4913 3081
6400 46 4938 3132
6500 34 4923 3178
6600 50 4913 3210
6700 47 4901 3239
6800 48 4908 3293
6900 42 4910 3326
7000 50 4908 3415
7100 52 4906 3439
7200 45 4904 3471
7300 47 4916 3515
7400 52 4919 3545
7500 62 4897 3618
7600 48 4943 3689
7700 54 4909 3702
7800 57 4867 3721
7900 57 4897 3791
8000 54 4890 3835
8100 50 4909 3905
8200 57 4878 3922
8300 56 4914 3990
8400 52 4917 4040
8500 51 4905 4103
8600 58 4891 4137
8700 56 4931 4208
8800 60 4919 4260
8900 55 4869 4287
9000 54 4895 4325
9100 58 4915 4375
9200 60 4899 4400
9300 59 4899 4462
9400 57 4907 4508
9500 63 4886 4539
9600 61 4922 4620
9700 60 4888 4663
9800 48 4890 4682
9900 60 4874 4736
10000 62 4875 4762
10100 64 4891 4822
10200 63 4918 4869
10300 60 4947 4921
10400 59 4933 4962
10500 61 4939 4998
10600 68 4933 5060
10700 56 4938 5085
10800 69 4965 5169
10900 60 4935 5206
11000 58 4932 5230
11100 79 4924 5277
11200 61 4958 5344
11300 60 4951 5415
11400 66 4938 5422
11500 66 4928 5462
11600 62 4939 5538
11700 70 4986 5616
11800 65 4917 5612
11900 66 4935 5660
12000 65 4936 5703
12100 68 4951 5768
12200 67 4929 5762
12300 73 4927 5839
12400 66 4932 5900
12500 73 4945 5977
12600 73 4965 6007
12700 68 4942 6045
12800 64 4971 6128
12900 66 4937 6127
13000 70 4931 6137
13100 73 5054 6441
13200 71 5110 6512
13300 72 5110 6520
13400 69 4992 6448
13500 64 5003 6473
13600 70 5030 6529
13700 72 4948 6484
13800 74 4951 6561
13900 73 4972 6637
14000 78 4995 6669
14100 73 4949 6665
14200 71 4982 6728
14300 69 4957 6768
14400 75 4945 6794
14500 76 5292 499243
14600 75 5041 7059
14700 71 4925 6918
14800 76 4930 6949
14900 85 4969 7083
15000 78 4960 7102
15100 81 4939 7137
15200 82 4962 7174
15300 82 4961 7249
15400 74 4961 7291
15500 77 4960 7340
15600 76 4969 7391
15700 81 4936 7370
15800 80 4960 7463
15900 82 4943 7512
16000 79 4915 7531
16100 82 4932 7599
16200 86 4942 7628
16300 72 4928 7686
16400 78 4943 7716
16500 76 4949 7750
16600 80 4931 7831
16700 85 4941 7879
16800 79 4932 7912
16900 83 4932 7955
17000 80 4946 7945
17100 84 4933 8029
17200 83 4956 8109
17300 74 4955 8132
17400 82 4937 8144
17500 78 4929 8215
17600 80 4944 8260
17700 77 4919 8275
17800 78 4926 8344
17900 83 4941 8401
18000 76 4952 8478
18100 87 4929 8464
18200 76 4918 8474
18300 86 4949 8579
18400 82 4927 8599
18500 81 4927 9389
18600 80 4951 8716
18700 86 4969 8764
18800 81 4936 8797
18900 79 4916 8826
19000 85 4944 8912
19100 83 4933 8968
19200 79 4943 8986
19300 84 4941 9016
19400 85 4958 9088
19500 79 4961 9140
19600 84 4940 9155
19700 86 4922 9187
19800 86 4926 9232
19900 79 4940 9292
20000 83 4932 9345
